[cam_1]
name = "cam01"
size = [ 1920.0, 1080.0]
matrix = [[1341.4192369348052, 0.0, 960.0], [0.0, 1341.4192369348052, 540.0], [0.0, 0.0, 1.0]]
distortions = [-0.24328225481406537, 0.0, 0.0, 0.0, 0.0]
rotation = [3.1331163487262015, 0.005835377130574953, -0.0217210894316835]
translation = [0.04732626179845153, 1.8078421750601964, 4.7146052982484315]
fisheye = false

[cam_2]
name = "cam02"
size = [ 1920.0, 1080.0]
matrix = [[1504.325854555706, 0.0, 960.0], [0.0, 1504.325854555706, 540.0], [0.0, 0.0, 1.0]]
distortions = [0.017075301492820508, 0.0, 0.0, 0.0, 0.0]
rotation = [2.894634033258596, 0.021096342514064257, 1.2141024296607312]
translation = [-0.11527916755030585, 1.8206793415504757, 4.865797192885728]
fisheye = false

[cam_3]
name = "cam03"
size = [ 1920.0, 1080.0]
matrix = [[1609.019033858785, 0.0, 960.0], [0.0, 1609.019033858785, 540.0], [0.0, 0.0, 1.0]]
distortions = [0.07630732618891353, 0.0, 0.0, 0.0, 0.0]
rotation = [2.234072391371606, 0.002574931504866544, 2.218823377551396]
translation = [-0.0026171098633500095, 1.8008548054811473, 5.24003740961805]
fisheye = false

[cam_4]
name = "cam04"
size = [ 1920.0, 1080.0]
matrix = [[1595.68440274746, 0.0, 960.0], [0.0, 1595.68440274746, 540.0], [0.0, 0.0, 1.0]]
distortions = [-0.2825546006471712, 0.0, 0.0, 0.0, 0.0]
rotation = [1.226951929705719, -0.01230812073021436, 2.8969915376851825]
translation = [0.016894228451326656, 1.7838339823238567, 5.035504350729931]
fisheye = false

[cam_5]
name = "cam05"
size = [ 1920.0, 1080.0]
matrix = [[1478.9951633992423, 0.0, 960.0], [0.0, 1478.9951633992423, 540.0], [0.0, 0.0, 1.0]]
distortions = [-0.40820529905131153, 0.0, 0.0, 0.0, 0.0]
rotation = [0.013599344145000868, -0.00260743837003799, 3.1453231330538545]
translation = [-0.04858918791218022, 1.8354585261577353, 5.1198619369245]
fisheye = false

[cam_6]
name = "cam06"
size = [ 1920.0, 1080.0]
matrix = [[1610.4577796256892, 0.0, 960.0], [0.0, 1610.4577796256892, 540.0], [0.0, 0.0, 1.0]]
distortions = [-0.20489438677664035, 0.0, 0.0, 0.0, 0.0]
rotation = [-1.2456989022049627, -0.01085659535824837, 2.9023731861157405]
translation = [0.034368619307369643, 1.79050966813875, 5.049521221472518]
fisheye = false

[cam_7]
name = "cam07"
size = [ 1920.0, 1080.0]
matrix = [[1493.588321819137, 0.0, 960.0], [0.0, 1493.588321819137, 540.0], [0.0, 0.0, 1.0]]
distortions = [0.06895074464265835, 0.0, 0.0, 0.0, 0.0]
rotation = [-2.2436277194840417, 0.02355248287909574, 2.2244628729384623]
translation = [-0.0290025706908834, 1.8257067027925234, 4.699779971896535]
fisheye = false

[cam_8]
name = "cam08"
size = [ 1920.0, 1080.0]
matrix = [[1435.8287765177154, 0.0, 960.0], [0.0, 1435.8287765177154, 540.0], [0.0, 0.0, 1.0]]
distortions = [0.0014146397326442934, 0.0, 0.0, 0.0, 0.0]
rotation = [-2.9060029634076976, 0.017810844685567876, 1.2170483201733764]
translation = [-0.05275024039720102, 1.7900234803085354, 4.580784111356446]
fisheye = false

#[cam_9]
#name = "cam09"
#size = [ 1920.0, 1080.0]
#matrix = [[1504.0327260087386, 0.0, 960.0], [0.0, 1504.0327260087386, 540.0], [0.0, 0.0, 1.0]]
#distortions = [-0.29517358738769434, 0.0, 0.0, 0.0, 0.0]
#rotation = [2.976953201962906, 0.007363903888071315, -0.011404811313871362]
#translation = [0.039596971264318985, 1.750737308573684, 4.178744736208502]
#fisheye = false

[metadata]
adjusted = false
error = 0.0