[cam_1]
name = "cam1"
size = [ 2048.0, 1536.0]
matrix = [ [ 1849.8801, 0.0, 1019.6225], [ 0.0, 1849.6762, 770.1967], [ 0.0, 0.0, 1.0]]
distortions = [ -0.0993, 0.2381, 0.0, 0.0]
rotation = [  -1.1480, -0.0692, -0.0334]
translation = [ 0.2572745, 0.7119430, 3.0397658]
fisheye = false

[cam_2]
name = "cam2"
size = [ 2048.0, 1536.0]
matrix = [ [ 1846.0723, 0.0, 1024.8139], [ 0.0, 1840.0648, 782.5333], [ 0.0, 0.0, 1.0]]
distortions = [ -0.0451, 0.1287, 0.0, 0.0]
rotation = [ -1.1161, 0.3940, 0.4993]
translation = [ 0.3510627, 0.8873598, 3.4526009]
fisheye = false

[cam_3]
name = "cam3"
size = [ 2048.0, 1536.0]
matrix = [ [ 1838.7637, 0.0, 972.7305], [ 0.0, 1837.0267, 751.5914], [ 0.0, 0.0, 1.0]]
distortions = [ -0.0887, 0.2437, 0.0, 0.0]
rotation = [-1.2096, -0.0717, -0.1875]
translation = [ 0.1059874, 1.0660860, 3.1631844]
fisheye = false

[cam_4]
name = "cam4"
size = [ 2048.0, 1536.0]
matrix = [ [ 1848.4555, 0.0, 1042.7571], [ 0.0, 1836.1786, 755.0841], [ 0.0, 0.0, 1.0]]
distortions = [ -0.0531, 0.2702, 0.0, 0.0]
rotation = [ -1.1397, 0.2097, 0.2495]
translation = [ -0.3501042, 0.6410217, 3.2824899]
fisheye = false

[metadata]
adjusted = false
error = 0.0
